--- evaluando representacion de las variables ahora cualitativas
$disc_Censo
                       n    % val%
(-2.39e+03,403]     3919 48.3 48.3
(1.45e+03,5.21e+03] 1350 16.6 16.6
(403,783]           1004 12.4 12.4
(5.21e+03,2.39e+06] 1014 12.5 12.5
(783,1.45e+03]       823 10.1 10.1

$disc_Population
                       n    % val%
(-2.91e+03,474]     3944 48.6 48.6
(1.79e+03,6.56e+03] 1326 16.4 16.4
(474,942]            997 12.3 12.3
(6.56e+03,2.91e+06] 1012 12.5 12.5
(942,1.79e+03]       831 10.2 10.2

$disc_Age_under19_Ptge
                  n    % val%
(-0.0337,10.6] 2848 35.1 35.1
(10.6,12.9]     826 10.2 10.2
(12.9,13.8]     339  4.2  4.2
(13.8,16.5]    1049 12.9 12.9
(16.5,33.7]    3048 37.6 37.6

$disc_Age_over65_Ptge
                  n    % val%
(-0.0765,24.3] 3258 40.2 40.2
(24.3,29]      1152 14.2 14.2
(29,30.1]       262  3.2  3.2
(30.1,33.9]     815 10.0 10.0
(33.9,76.5]    2623 32.3 32.3

$disc_WomanPopulationPtge
               n    % val%
(32.9,46.3] 2257 27.8 27.8
(46.3,47.4]  747  9.2  9.2
(47.4,48.6] 1140 14.1 14.1
(48.6,62.5] 3966 48.9 48.9

$disc_ForeignersPtge
                  n    % val%
(-0.0304,4.59] 4408 54.4 54.4
(4.59,5.94]     718  8.9  8.9
(5.94,7.18]     525  6.5  6.5
(7.18,30.4]    2459 30.3 30.3

$disc_UniversityPtge
                  n    % val%
(-0.0385,7.94] 3405 42.0 42.0
(10,12.4]      1000 12.3 12.3
(12.4,38.5]    2573 31.7 31.7
(7.94,9.94]    1039 12.8 12.8
(9.94,10]        93  1.1  1.1

$disc_Empresas
                 n    % val%
(-0.181,44.2] 2646 32.6 32.6
(44.2,56.3]   1437 17.7 17.7
(56.3,56.9]     70  0.9  0.9
(56.9,62.6]    665  8.2  8.2
(62.6,181]    3292 40.6 40.6

$disc_Densidad
                  n    % val%
(-22.1,15.2]   4341 53.5 53.5
(15.2,39.5]    1412 17.4 17.4
(283,2.24e+04]  727  9.0  9.0
(39.5,62.7]     560  6.9  6.9
(62.7,283]     1070 13.2 13.2

$disc_PobChange_pct
                 n    % val%
(-2.65,31.3]  3050 37.6 37.6
(-41.1,-7.87] 2911 35.9 35.9
(-5.56,-2.65] 1212 14.9 14.9
(-7.87,-5.56]  937 11.6 11.6

$disc_PersonasInmueble
                n    % val%
(0.107,1.06] 3123 38.5 38.5
(1.06,1.24]   895 11.0 11.0
(1.24,1.31]   360  4.4  4.4
(1.31,1.53]   929 11.5 11.5
(1.53,3.33]  2803 34.6 34.6

$disc_Explotaciones
                 n    % val%
(-0.775,93.3] 3290 40.6 40.6
(148,167]      396  4.9  4.9
(167,217]      921 11.4 11.4
(217,776]     2195 27.1 27.1
(93.3,148]    1308 16.1 16.1

$disc_UnemploymentPtge
                 n    % val%
(-0.021,5.07] 3674 45.3 45.3
(5.07,5.61]    506  6.2  6.2
(5.61,6.74]    948 11.7 11.7
(6.74,21]     2982 36.8 36.8

$disc_WomenUnemploymentPtge
               n    % val%
(-0.1,46.4] 2164 26.7 26.7
(46.4,52.8] 1093 13.5 13.5
(52.8,54.8]  407  5.0  5.0
(54.8,100]  4446 54.8 54.8

$disc_UnemployLess25_Ptge
                n    % val%
(-0.04,5.49] 3765 46.4 46.4
(5.49,6.43]   466  5.7  5.7
(6.43,6.97]   299  3.7  3.7
(6.97,40]    3580 44.1 44.1

$disc_UnemployMore40_Ptge
               n    % val%
(-0.1,51.1] 3488 43.0 43.0
(51.1,52.3]  230  2.8  2.8
(52.3,55.1]  657  8.1  8.1
(55.1,100]  3735 46.1 46.1

$disc_AgricultureUnemploymentPtge
                  n    % val%
(-0.0444,5.44] 4921 60.7 60.7
(5.44,6.77]     401  4.9  4.9
(6.77,7.47]     147  1.8  1.8
(7.47,7.6]       24  0.3  0.3
(7.6,44.5]     2617 32.3 32.3

$disc_IndustryUnemploymentPtge
                n    % val%
(-0.05,6.54] 4154 51.2 51.2
(6.54,8.74]   751  9.3  9.3
(8.74,9.65]   249  3.1  3.1
(9.65,50]    2956 36.4 36.4

$disc_ConstructionUnemploymentPtge
                  n    % val%
(-0.0407,5.08] 3890 48.0 48.0
(5.08,6.94]     889 11.0 11.0
(6.94,7.93]     494  6.1  6.1
(7.93,40.7]    2837 35.0 35.0

$disc_ServicesUnemploymentPtge
               n    % val%
(-0.1,57.6] 2496 30.8 30.8
(57.6,63.3]  889 11.0 11.0
(63.3,65.5]  377  4.6  4.6
(65.5,100]  4348 53.6 53.6

$disc_AutonomosPtge
                n    % val%
(-0.0321,11] 4418 54.5 54.5
(11,11.4]     243  3.0  3.0
(11.4,11.7]   203  2.5  2.5
(11.7,32.1]  3246 40.0 40.0
